-1.5 -0
-1.44 -4.53036e-38
-1.38 -3.98142e-35
-1.32 2.06287e-31
-1.26 -7.1093e-29
-1.2 -1.45856e-25
-1.14 7.9212e-23
-1.08 1.16136e-20
-1.02 -9.86818e-18
-0.96 5.53093e-16
-0.9 1.91401e-13
-0.84 -1.69447e-11
-0.78 -4.31664e-10
-0.72 5.78714e-08
-0.66 -4.84021e-07
-0.6 -3.12904e-05
-0.54 0.00042076
-0.48 0.00226559
-0.42 -0.0393292
-0.36 0.0243081
-0.3 0.586621
-0.24 -0.849628
-0.18 -1.11362
-0.12 2.31247
-0.0600001 -0.336726
0 -1.04564
0.0599999 -0.0663004
0.12 -1.06155
0.18 -3.01747
0.24 -7.8367
0.3 -20.0135
0.36 -50.1722
0.42 -123.992
0.48 -302.955
0.54 -733.374
0.6 -1761.64
0.66 -4204.1
0.72 -9977.05
0.78 -23563
0.84 -55414.6
0.9 -129837
0.96 -303205
1.02 -705975
1.08 -1.6394e+06
1.14 -3.79785e+06
1.2 -8.77888e+06
1.26 -2.02523e+07
1.32 -4.66353e+07
1.38 -9.14427e+07
1.44 0
