-1.5 -0
-1.44 0
-1.38 3.58452e-42
-1.32 -1.18093e-38
-1.26 -1.03676e-35
-1.2 5.38018e-32
-1.14 -1.86012e-29
-1.08 -3.80103e-26
-1.02 2.06997e-23
-0.96 3.0039e-21
-0.9 -2.57676e-18
-0.84 1.47258e-16
-0.78 4.97414e-14
-0.72 -4.47761e-12
-0.66 -1.0741e-10
-0.6 1.523e-08
-0.54 -1.43871e-07
-0.48 -8.03312e-06
-0.42 0.000119531
-0.36 0.000473971
-0.3 -0.011109
-0.24 0.0173467
-0.18 0.160103
-0.12 -0.393791
-0.0600001 -0.258114
0 1
0.0599999 -0.258111
0.12 -0.393791
0.18 0.160103
0.24 0.0173467
0.3 -0.011109
0.36 0.000473971
0.42 0.000119532
0.48 -8.03315e-06
0.54 -1.43872e-07
0.6 1.52301e-08
0.66 -1.07409e-10
0.72 -4.47761e-12
0.78 4.97416e-14
0.84 1.47261e-16
0.9 -2.5768e-18
0.96 3.0039e-21
1.02 2.06997e-23
1.08 -3.80107e-26
1.14 -1.86017e-29
1.2 5.38018e-32
1.26 -1.03676e-35
1.32 -1.18095e-38
1.38 3.58452e-42
1.44 0
